58
79
88
92
122
152
188
195
213
225
249
278
327
496
507
510
570
571
583
611
653
676
682
689
693
744
822
893
919
982
986
993
1007
1066
1088
1195
1214
1245
1279
1306
1352
1407
1409
1438
1441
1450
1457
1496
1514
1520
1624
1636
1649
1665
1715
1722
1747
1812
1852
1938
1961
2058
2065
2078
2118
2189
2243
2294
2375
2495
2566
2580
2730
2750
2764
2790
2806
2847
2866
2915
2983
2987
3015
3098
3111
3134
3147
3158
3175
3184
3245
3256
3305
3311
3319
3338
3342
3392
3396
3431
3505
3519
3546
3558
3583
3599
3618
3631
3651
3668
3696
3709
3716
3720
3731
3787
3838
3861
3862
3945
3974
3980
3984
4059
4073
4088
4175
4240
4299
4314
4343
4426
4528
4549
4577
4688
4691
4705
4768
4779
4802
4827
4857
4863
4910
4929
4957
5073
5090
5125
5138
5234
5272
5429
5474
5561
5651
5662
5665
5706
5728
5757
5868
5872
5907
5955
6021
6043
6054
6083
6087
6186
6193
6196
6277
6378
6379
6428
6434
6451
6497
6515
6516
6550
6594
6602
6670
6691
6710
6746
6751
6888
6935
6985
7028
7098
7126
7130
7146
7201
7272
7330
7351
7367
7396
7421
7485
7488
7494
7552
7596
7597
7600
7645
7741
7784
7806
7850
7858
7863
7885
7899
7972
8001
8068
8074
8086
8155
8238
8287
8299
8372
8400
8441
8489
8512
8570
8579
8609
8708
8745
8795
8829
8849
8850
8896
8931
9052
9102
9107
9166
9260
9330
9336
9435
9480
9580
9626
9651
9675
9680
9703
9728
9758
9809
9833
9842
9867
9915
9918
9935
9962
9972
10019
10028
10048
10055
10060
10091
10113
10124
10212
10237
10245
10246
10256
10274
10302
10309
10457
10500
10524
10526
10540
10589
10607
10618
10664
10672
10711
10741
10851
10911
10919
10962
10988
10995
11077
11200
11202
11278
11297
11323
11369
11462
11481
11483
11526
11534
11579
11649
11694
11722
11727
11742
11758
11810
11835
11838
11874
11901
11930
12034
12037
12066
12100
12104
12265
12356
12358
12361
12362
12372
12460
12553
12576
12766
12774
12789
12805
12812
12891
12904
12931
13095
13117
13168
13172
13180
13203
13248
13342
13362
13389
13458
13492
13573
13612
13618
13626
13743
13755
13811
13815
13822
13871
13931
13969
13985
13991
14015
14046
14081
14105
14148
14229
14245
14251
14264
14284
14308
14351
14353
14395
14421
14486
14598
14607
14630
14633
14635
14774
14863
14869
14887
14954
14959
14999
15003
15044
15053
15065
15126
15248
15280
15292
15309
15314
15327
15386
15391
15396
15425
15468
15503
15535
15550
15554
15591
15630
15847
15850
15857
15865
15875
15885
15887
15992
15999
16006
16028
16084
16114
16121
16170
16187
16240
16376
16451
16484
16502
16522
16558
16600
16765
16782
16792
16794
16795
16807
16808
16829
16865
16893
16917
16918
16925
16930
17016
17115
17118
17166
17176
17178
17206
17227
17249
17298
17317
17327
17360
17367
17389
17405
17485
17538
17547
17580
17633
17683
17730
17751
17829
17854
17912
17921
17950
17994
18009
18053
18074
18082
18119
18228
18239
18264
18274
18278
18316
18352
18384
18458
18490
18503
18541
18560
18575
18583
18651
18719
18771
18772
18776
18780
18786
18789
18815
18835
18839
18844
18864
18897
18928
18956
18991
19035
19039
19061
19065
19076
19094
19096
19143
19207
19418
19449
19507
19545
19557
19584
19591
19602
19610
19620
19716
19734
19737
19775
19897
19958
19990
20043
20051
20076
20078
20094
20119
20127
20134
20200
20267
20293
20335
20360
20363
20468
20596
20600
20630
20631
20673
20681
20713
20751
20753
20797
20824
20891
20929
20932
20939
20951
21014
21035
21053
21103
21105
21111
21254
21258
21437
21531
21540
21542
21587
21623
21679
21680
21727
21743
21755
21766
21891
21949
22024
22090
22109
22142
22151
22173
22285
22288
22299
22320
22424
22426
22456
22465
22478
22573
22579
22604
22625
22645
22670
22710
22759
22792
22809
22853
22890
22928
22953
22979
23004
23018
23024
23047
23048
23060
23092
23102
23139
23192
23215
23245
23313
23349
23356
23395
23396
23458
23579
23623
23647
23656
23663
23678
23680
23690
23756
23799
23893
23921
23983
23986
23997
24019
24030
24036
24077
24125
24201
24203
24214
24237
24321
24339
24386
24458
24477
24527
24549
24553
24573
24589
24717
24723
24771
24840
24885
24939
24958
24968
24983
25041
25045
25127
25175
25187
25204
25206
25221
25294
25304
25353
25385
25401
25410
25413
25450
25513
25555
25556
25566
25578
25594
25599
25644
25687
25734
25757
25767
25779
25792
25815
25853
25891
25902
25919
25928
25966
25969
26241
26273
26312
26335
26378
26379
26423
26429
26491
26569
26572
26592
26608
26667
26674
26691
26752
26776
26778
26832
26840
26875
26878
26879
26905
26916
26929
26930
26985
26996
27015
27018
27078
27140
27298
27346
27398
27401
27514
27532
27596
27650
27662
27693
27740
27841
27906
27930
27950
27952
28047
28048
28088
28134
28158
28179
28208
28236
28271
28279
28284
28296
28316
28325
28342
28348
28389
28584
28638
28674
28839
28851
28880
28886
28947
28987
28998
29008
29042
29080
29093
29106
29110
29138
29147
29150
29179
29187
29249
29288
29307
29311
29344
29373
29388
29415
29438
29446
29555
29558
29566
29583
29586
29602
29672
29677
29687
29701
29747
29759
29819
29842
29859
29861
29881
29883
29910
29935
29991
29996
30020
30035
30043
30054
30055
30068
30085
30130
30131
30141
30158
30168
30230
30236
30249
30321
30329
30353
30358
30368
30433
30443
30491
30497
30549
30573
30588
30598
30630
30657
30702
30818
30846
30862
30931
30941
31066
31074
31103
31193
31223
31249
31260
31284
31301
31310
31329
31354
31374
31379
31387
31388
31395
31448
31573
31578
31591
31637
31659
31665
31711
31726
31741
31851
31864
31895
32024
32043
32135
32190
32208
32233
32249
32258
32323
32352
32364
32406
32448
32450
32462
32569
32579
32587
32604
32619
32627
32642
32651
32662
32684
32711
32729
32798
32811
32827
32837
32846
32849
32858
32873
32878
32881
32888
32914
32975
33090
33117
33119
33120
33125
33130
33163
33239
33266
33269
33292
33297
33301
33333
33357
33466
33470
33477
33494
33512
33544
33580
33586
33610
33654
33660
33684
33711
33884
33927
33944
34041
34055
34090
34133
34142
34147
34219
34238
34243
34268
34277
34300
34305
34313
34325
34427
34438
34478
34529
34534
34563
34565
34614
34644
34645
34650
34664
34668
34674
34719
34753
34762
34772
34778
34847
35007
35008
35016
35029
35057
35066
35138
35183
35195
35313
35375
35385
35412
35446
35463
35483
35493
35550
35578
35605
35643
35646
35706
35742
35779
35795
35881
35910
35944
35953
35996
36022
36097
36142
36173
36217
36245
36264
36292
36368
36416
36457
36464
36537
36645
36649
36650
36811
36864
36918
36929
37003
37070
37107
37113
37133
37173
37200
37264
37339
37353
37405
37418
37424
37539
37551
37593
37614
37616
37648
37650
37652
37687
37707
37727
37738
37773
37785
37789
37848
37871
37873
37881
37906
37927
37982
38068
38091
38111
38112
38116
38138
38144
38147
38152
38268
38271
38291
38346
38349
38372
38387
38401
38468
38490
38520
38537
38550
38568
38590
38600
38645
38698
38909
38914
38978
39031
39035
39085
39111
39157
39200
39206
39260
39265
39322
39324
39334
39397
39424
39439
39505
39510
39537
39542
39543
39558
39571
39574
39575
39747
39792
39799
39811
39939
40033
40040
40046
40073
40175
40291
40329
40407
40432
40447
40484
40601
40605
40617
40628
40644
40653
40745
40816
40832
40835
40850
40871
40910
40945
40969
40974
40979
41028
41061
41096
41157
41192
41305
41334
41343
41355
41431
41489
41500
41514
41524
41560
41574
41617
41628
41650
41657
41672
41687
41745
41817
41861
41870
41896
41920
41943
41956
42049
42129
42143
42150
42156
42196
42202
42254
42332
42455
42465
42467
42532
42601
42614
42624
42626
42630
42636
42648
42689
42714
42725
42754
42761
42800
42836
42885
42887
42897
43016
43024
43036
43045
43063
43082
43088
43095
43114
43127
43166
43185
43219
43248
43254
43257
43263
43299
43341
43407
43413
43455
43461
43487
43522
43545
43561
43625
43635
43666
43678
43706
43749
43771
43773
43794
43905
43961
43965
43967
43970
44031
44055
44080
44135
44160
44198
44246
44334
44377
44409
44429
44448
44477
44565
44585
44599
44611
44667
44669
44673
44686
44731
44749
44753
44829
44837
44864
44873
44905
44910
44978
45006
45007
45022
45029
45054
45096
45117
45153
45215
45294
45312
45348
45353
45406
45419
45448
45486
45506
45521
45546
45568
45574
45625
45659
45663
45693
45754
45790
45815
45846
45849
45852
45866
45970
46053
46072
46108
46193
46211
46214
46261
46263
46285
46286
46293
46306
46397
46433
46440
46455
46480
46492
46634
46635
46675
46676
46679
46709
46731
46759
46764
46843
46875
46928
46949
47009
47019
47024
47052
47161
47193
47234
47248
47276
47277
47278
47295
47336
47350
47413
47416
47531
47542
47550
47570
47633
47666
47679
47685
47718
47728
47744
47754
47755
47758
47854
47872
47876
47919
47981
48003
48056
48107
48109
48150
48217
48218
48227
48330
48337
48433
48434
48436
48508
48547
48635
48712
48751
48798
48816
48869
48935
48942
48945
48951
48994
49059
49119
49170
49227
49245
49309
49336
49377
49420
49444
49453
49486
49487
49507
49509
49574
49597
49647
49705
49722
49823
49841
49848
49885
49915
49947
49975
49985
50012
50082
50113
50181
50186
50237
50257
50304
50312
50355
50362
50366
50372
50388
50409
50434
50493
50525
50580
50599
50628
50666
50697
50707
50712
50792
50865
50895
50896
50914
50932
50950
50958
50977
50985
51023
51062
51088
51098
51108
51123
51133
51136
51286
51335
51359
51360
51383
51442
51471
51479
51480
51485
51494
51522
51525
51535
51553
51586
51603
51616
51631
51639
51649
51706
51720
51733
51740
51833
51849
51905
51914
51927
51963
51981
51982
52183
52195
52220
52235
52294
52322
52323
52367
52374
52379
52387
52415
52426
52445
52455
52456
52462
52463
52481
52538
52552
52553
52594
52696
52716
52727
52770
52785
52801
52876
52959
52982
53009
53014
53031
53032
53085
53115
53148
53220
53283
53304
53313
53355
53367
53388
53434
53439
53451
53457
53480
53489
53628
53654
53679
53781
53790
53822
53900
53914
53928
53931
53972
53979
54011
54014
54043
54058
54086
54094
54200
54222
54254
54296
54311
54354
54390
54395
54407
54410
54421
54422
54511
54585
54643
54760
54762
54783
54786
54849
54941
54955
54972
54973
54984
55067
55068
55122
55234
55284
55427
55440
55471
55477
55557
55602
55610
55621
55625
55628
55654
55692
55698
55704
55708
55741
55748
55789
55792
55798
55891
55900
55934
56011
56014
56027
56076
56097
56099
56122
56250
56363
56379
56443
56473
56508
56530
56540
56580
56602
56629
56653
56668
56767
56770
56777
56941
56967
56993
57025
57027
57100
57190
57198
57228
57230
57269
57284
57295
57318
57334
57361
57386
57392
57394
57396
57489
57517
57576
57588
57605
57613
57614
57644
57701
57702
57737
57738
57762
57784
57793
57798
57809
57830
57850
57857
57864
57906
57910
57938
57998
58024
58072
58081
58107
58152
58161
58169
58188
58201
58212
58223
58274
58314
58386
58463
58506
58563
58579
58580
58592
58596
58667
58685
58870
58899
58912
58986
58997
59077
59194
59224
59238
59259
59298
59306
59328
59346
59460
59481
59489
59532
59538
59570
59577
59589
59603
59620
59743
59771
59785
59815
59897
59924
60026
60097
60127
60157
60178
60217
60226
60252
60287
60333
60355
60362
60448
60452
60482
60510
60513
60557
60576
60594
60663
60665
60680
60754
60770
60882
60886
60900
60941
60964
60987
61092
61103
61179
61246
61250
61318
61324
61359
61368
61396
61405
61423
61434
61467
61487
61488
61626
61713
61719
61743
61873
61877
61879
61892
61894
61919
61989
62001
62137
62162
62322
62356
62401
62403
62424
62465
62507
62511
62647
62681
62684
62730
62766
62806
62840
62879
62882
62969
63011
63038
63074
63095
63155
63177
63183
63192
63274
63336
63386
63440
63444
63455
63491
63504
63523
63524
63548
63554
63569
63581
63584
63589
63600
63656
63667
63722
63759
63777
63866
63876
64010
64028
64066
64130
64184
64185
64187
64196
64218
64260
64293
64307
64313
64317
64419
64496
64519
64532
64549
64551
64573
64591
64608
64624
64639
64660
64693
64745
64792
64884
64901
64927
64939
64960
64983
65029
65047
65086
65095
65101
65105
65127
65149
65173
65179
65195
65199
65222
65268
65287
65292
65308
65366
65379
65403
65577
65633
65642
65643
65654
65662
65835
65860
65905
65935
66004
66008
66014
66020
66028
66033
66134
66193
66212
66260
66267
66294
66329
66358
66372
66457
66471
66479
66485
66489
66505
66540
66551
66600
66655
66656
66666
66697
66754
66783
66787
66832
66838
66842
66859
67007
67008
67100
67123
67207
67222
67229
67240
67252
67307
67453
67477
67512
67537
67539
67547
67561
67565
67578
67583
67600
67608
67632
67673
67759
67760
67762
67782
67821
67836
67866
67911
67927
67959
68013
68108
68138
68191
68290
68310
68319
68357
68542
68639
68705
68786
68995
69040
69069
69085
69116
69139
69195
69247
69248
69263
69316
69327
69346
69372
69375
69411
69445
69452
69453
69455
69458
69489
69539
69557
69687
69795
69804
69824
69833
69844
69868
69873
69928
69932
69942
69968
69976
70054
70110
70118
70139
70163
70253
70267
70355
70356
70366
70384
70391
70462
70463
70477
70487
70527
70600
70601
70678
70682
70722
70730
70766
70781
70911
70952
70967
70979
70986
71026
71041
71047
71057
71098
71130
71152
71153
71165
71189
71210
71219
71247
71254
71304
71328
71333
71362
71432
71508
71519
71645
71681
71699
71704
71706
71714
71786
71844
71902
71919
71952
71988
72047
72130
72136
72143
72182
72237
72255
72271
72315
72328
72333
72359
72411
72449
72458
72459
72476
72480
72526
72574
72615
72616
72620
72656
72659
72672
72703
72760
72763
72812
72813
72842
72864
72954
72964
73051
73086
73097
73098
73111
73119
73161
73184
73251
73277
73308
73328
73333
73351
73354
73365
73370
73391
73438
73471
73495
73553
73604
73605
73682
73691
73705
73730
73755
73758
73760
73803
73825
73827
73856
73895
73981
74063
74071
74100
74151
74157
74182
74187
74276
74281
74385
74394
74422
74482
74523
74547
74558
74594
74627
74703
74717
74727
74739
74755
74772
74787
74794
74846
74856
74860
74882
74886
74908
74952
74966
74989
75000
75074
75115
75142
75169
75236
75341
75381
75442
75467
75473
75494
75534
75608
75654
75670
75698
75759
75826
75835
75873
75949
75952
75955
76002
76007
76038
76070
76099
76187
76235
76262
76277
76387
76415
76417
76441
76480
76490
76528
76604
76693
76728
76738
76748
76749
76792
76818
76882
76920
76935
77004
77058
77118
77131
77185
77260
77383
77419
77524
77538
77590
77606
77616
77688
77746
77788
77845
77880
77896
78032
78040
78051
78107
78223
78280
78307
78351
78431
78469
78488
78490
78512
78528
78531
78534
78558
78595
78671
78685
78702
78707
78786
78789
78826
78834
78840
78877
78882
79018
79025
79043
79082
79102
79103
79120
79172
79226
79233
79246
79263
79273
79276
79288
79322
79381
79392
79410
79443
79469
79508
79577
79600
79638
79647
79650
79744
79767
79803
79814
79990
80046
80068
80073
80077
80149
80153
80154
80164
80179
80232
80236
80253
80276
80341
80349
80369
80398
80467
80530
80582
80684
80718
80730
80788
80802
80902
81006
81060
81113
81221
81222
81226
81241
81286
81287
81428
81439
81513
81540
81567
81578
81642
81695
81715
81812
81813
81814
81858
81872
81918
81928
81955
81960
81994
82035
82058
82082
82108
82115
82120
82147
82187
82190
82203
82235
82269
82329
82382
82386
82430
82483
82518
82524
82554
82580
82582
82610
82655
82819
82842
82864
82900
82921
83106
83115
83121
83149
83161
83163
83204
83237
83267
83274
83301
83305
83329
83369
83374
83376
83403
83428
83445
83482
83544
83628
83688
83704
83767
83781
83898
83925
83929
83955
84000
84003
84025
84041
84046
84097
84108
84110
84151
84175
84178
84243
84256
84291
84294
84313
84346
84356
84443
84522
84551
84553
84574
84585
84599
84617
84667
84673
84694
84702
84713
84718
84753
84837
84841
84842
84856
84919
84940
84970
85099
85129
85131
85138
85163
85177
85236
85260
85271
85281
85288
85304
85318
85320
85428
85444
85519
85525
85531
85575
85584
85601
85654
85713
85760
85799
85930
85965
86005
86188
86193
86220
86223
86238
86274
86283
86389
86401
86417
86426
86467
86486
86499
86515
86531
86536
86594
86604
86606
86619
86645
86646
86656
86678
86680
86703
86734
86741
86744
86761
86805
86829
86832
86967
86972
86990
87038
87045
87052
87076
87095
87154
87168
87172
87209
87272
87287
87364
87374
87440
87544
87546
87549
87552
87588
87641
87718
87757
87773
87839
87862
87933
87951
87956
88001
88009
88035
88058
88059
88166
88176
88225
88256
88261
88315
88336
88391
88434
88454
88507
88521
88522
88525
88614
88728
88755
88762
88767
88791
88800
88809
88822
88847
88882
88923
88959
89057
89071
89076
89095
89123
89124
89139
89149
89201
89214
89219
89262
89288
89320
89336
89341
89371
89376
89436
89470
89477
89551
89578
89601
89758
89762
89771
89789
89797
89853
89883
89899
89943
89949
89968
90043
90073
90110
90119
90132
90133
90136
90142
90160
90216
90227
90300
90305
90398
90537
90565
90625
90633
90665
90674
90734
90795
90805
90839
90843
90897
90912
90987
91100
91105
91186
91230
91283
91297
91357
91371
91374
91402
91414
91448
91471
91565
91594
91596
91658
91748
91793
91801
91861
91986
91988
92004
92011
92067
92177
92265
92321
92342
92352
92423
92426
92440
92580
92593
92603
92670
92677
92718
92737
92758
92771
92810
92878
92912
92927
93034
93073
93081
93092
93125
93222
93232
93241
93249
93270
93312
93314
93342
93364
93442
93470
93536
93552
93553
93610
93617
93689
93699
93746
93747
93749
93761
93799
93838
93840
93841
93920
93921
93928
93951
93956
93984
94049
94077
94085
94099
94119
94145
94282
94337
94393
94416
94426
94442
94548
94563
94564
94570
94572
94578
94831
94855
94881
94884
94909
94915
94941
94942
94946
94958
95022
95078
95079
95081
95255
95289
95308
95327
95356
95387
95394
95398
95446
95513
95607
95620
95677
95682
95689
95717
95748
95776
95834
95866
95998
96064
96077
96099
96108
96111
96141
96153
96253
96279
96297
96299
96342
96385
96404
96439
96457
96504
96513
96521
96543
96553
96628
96742
96756
96834
96883
96933
96943
97016
97084
97115
97198
97210
97213
97229
97250
97262
97264
97283
97347
97355
97373
97429
97430
97572
97589
97607
97635
97683
97697
97718
97722
97749
97828
97850
97860
97942
97958
97992
98080
98094
98124
98403
98421
98452
98454
98500
98540
98554
98597
98663
98689
98701
98705
98711
98752
98805
98811
98815
98825
98933
99027
99084
99127
99236
99249
99278
99279
99331
99334
99335
99383
99424
99467
99544
99587
99648
99676
99776
99782
99795
99813
99825
99828
99841
99844
99845
99903
99946
99956
99971
99992
38280224
22018
38280232
22018
38280232
22018
38280256
22018
38280264
22018
38280264
22018
38280288
22018
38280296
22018
38280296
22018
38280320
22018
38280328
22018
38280328
22018
38280352
22018
38280360
22018
38280360
22018
38280384
22018
38280392
22018
38280392
22018
38280160
22018
38280168
22018
38280168
22018
38279936
22018
38279944
22018
38279944
22018
38279968
22018
38279976
22018
38279976
22018
38280000
22018
38280008
22018
38280008
22018
38280032
22018
38280040
22018
38280040
22018
38280064
22018
38280072
22018
38280072
22018
38280096
22018
38280104
22018
38280104
22018
38280128
22018
38280136
22018
38280136
22018
38279904
22018
38279912
22018
38279912
22018
38279680
22018
38279688
22018
38279688
22018
38279712
22018
38279720
22018
38279720
22018
38279744
22018
38279752
22018
38279752
22018
38279776
22018
38279784
22018
38279784
22018
38279808
22018
38279816
22018
38279816
22018
38279840
22018
38279848
22018
38279848
22018
38279872
22018
38279880
22018
38279880
22018
38279648
22018
38279656
22018
38279656
22018
38279424
22018
38279432
22018
38279432
22018
38279456
22018
38279464
22018
38279464
22018
38279488
22018
38279496
22018
38279496
22018
38279520
22018
38279528
22018
38279528
22018
38279552
22018
38279560
22018
38279560
22018
38279584
22018
38279592
22018
38279592
22018
38279616
22018
38279624
22018
38279624
22018
38279392
22018
38279400
22018
38279400
22018
38279168
22018
38279176
22018
38279176
22018
38279200
22018
38279208
22018
38279208
22018
38279232
22018
38279240
22018
38279240
22018
38279264
22018
38279272
22018
38279272
22018
38279296
22018
38279304
22018
38279304
22018
38279328
22018
38279336
22018
38279336
22018
38279360
22018
38279368
22018
38279368
22018
38279136
22018
38279144
22018
38279144
22018
38278912
22018
38278920
22018
38278920
22018
38278944
22018
38278952
22018
38278952
22018
38278976
22018
38278984
22018
38278984
22018
38279008
22018
38279016
22018
38279016
22018
38279040
22018
38279048
22018
38279048
22018
38279072
22018
38279080
22018
38279080
22018
38279104
22018
38279112
22018
38279112
22018
38278880
22018
38278888
22018
38278888
22018
38278656
22018
38278664
22018
38278664
22018
38278688
22018
38278696
22018
38278696
22018
38278720
22018
38278728
22018
38278728
22018
38278752
22018
38278760
22018
38278760
22018
38278784
22018
38278792
22018
38278792
22018
38278816
22018
38278824
22018
38278824
22018
38278848
22018
38278856
22018
38278856
22018
38278624
22018
38278632
22018
38278632
22018
38278400
22018
38278408
22018
38278408
22018
38278432
22018
38278440
22018
38278440
22018
38278464
22018
38278472
22018
38278472
22018
38278496
22018
38278504
22018
38278504
22018
38278528
22018
38278536
22018
38278536
22018
38278560
22018
38278568
22018
38278568
22018
38278592
22018
38278600
22018
38278600
22018
38278368
22018
38278376
22018
38278376
22018
38278144
22018
38278152
22018
38278152
22018
38278176
22018
38278184
22018
38278184
22018
38278208
22018
38278216
22018
38278216
22018
38278240
22018
38278248
22018
38278248
22018
38278272
22018
38278280
22018
38278280
22018
38278304
22018
38278312
22018
38278312
22018
38278336
22018
38278344
22018
38278344
22018
38278112
22018
38278120
22018
38278120
22018
38277888
22018
38277896
22018
38277896
22018
38277920
22018
38277928
22018
38277928
22018
38277952
22018
38277960
22018
38277960
22018
38277984
22018
38277992
22018
38277992
22018
38278016
22018
38278024
22018
38278024
22018
38278048
22018
38278056
22018
38278056
22018
38278080
22018
38278088
22018
38278088
22018
38277856
22018
38277864
22018
38277864
22018
38277632
22018
38277640
22018
38277640
22018
38277664
22018
38277672
22018
38277672
22018
38277696
22018
38277704
22018
38277704
22018
38277728
22018
38277736
22018
38277736
22018
38277760
22018
38277768
22018
38277768
22018
38277792
22018
38277800
22018
38277800
22018
38277824
22018
38277832
22018
38277832
22018
38277600
22018
38277608
22018
38277608
22018
38277376
22018
38277384
22018
38277384
22018
38277408
22018
38277416
22018
38277416
22018
38277440
22018
38277448
22018
38277448
22018
38277472
22018
38277480
22018
38277480
22018
38277504
22018
38277512
22018
38277512
22018
38277536
22018
38277544
22018
38277544
22018
38277568
22018
38277576
22018
38277576
22018
38254192
22018
38254200
22018
38254200
22018
38253968
22018
38253976
22018
38253976
22018
38254000
22018
38254008
22018
38254008
22018
38254032
22018
38254040
22018
38254040
22018
38254064
22018
38254072
22018
38254072
22018
38254096
22018
38254104
22018
38254104
22018
38254128
22018
38254136
22018
38254136
22018
38254160
22018
38254168
22018
38254168
22018
38253936
22018
38253944
22018
38253944
22018
38253712
22018
38253720
22018
38253720
22018
38253744
22018
38253752
22018
38253752
22018
38253776
22018
38253784
22018
38253784
22018
38253808
22018
38253816
22018
38253816
22018
38253840
22018
38253848
22018
38253848
22018
38253872
22018
38253880
22018
38253880
22018
38253904
22018
38253912
22018
38253912
22018
38253680
22018
38253688
22018
38253688
22018
38253456
22018
38253464
22018
38253464
22018
38253488
22018
38253496
22018
38253496
22018
38253520
22018
38253528
22018
38253528
22018
38253552
22018
38253560
22018
38253560
22018
38253584
22018
38253592
22018
38253592
22018
38253616
22018
38253624
22018
38253624
22018
38253648
22018
38253656
22018
38253656
22018
38253424
22018
38253432
22018
38253432
22018
38253200
22018
38253208
22018
38253208
22018
38253232
22018
38253240
22018
38253240
22018
38253264
22018
38253272
22018
38253272
22018
38253296
22018
38253304
22018
38253304
22018
38253328
22018
38253336
22018
38253336
22018
38253360
22018
38253368
22018
38253368
22018
38253392
22018
38253400
22018
38253400
22018
38253168
22018
38253176
22018
38253176
22018
38252944
22018
38252952
22018
38252952
22018
38252976
22018
38252984
22018
38252984
22018
38253008
22018
38253016
22018
38253016
22018
38253040
22018
38253048
22018
38253048
22018
38253072
22018
38253080
22018
38253080
22018
38253104
22018
38253112
22018
38253112
22018
38253136
22018
38253144
22018
38253144
22018
38252912
22018
38252920
22018
38252920
22018
38252688
22018
38252696
22018
38252696
22018
38252720
22018
38252728
22018
38252728
22018
38252752
22018
38252760
22018
38252760
22018
38252784
22018
38252792
22018
38252792
22018
38252816
22018
38252824
22018
38252824
22018
38252848
22018
38252856
22018
38252856
22018
38252880
22018
38252888
22018
38252888
22018
38252656
22018
38252664
22018
38252664
22018
38252432
22018
38252440
22018
38252440
22018
38252464
22018
38252472
22018
38252472
22018
38252496
22018
38252504
22018
38252504
22018
38252528
22018
38252536
22018
38252536
22018
38252560
22018
38252568
22018
38252568
22018
38252592
22018
38252600
22018
38252600
22018
38252624
22018
38252632
22018
38252632
22018
38252400
22018
38252408
22018
38252408
22018
38252176
22018
38252184
22018
38252184
22018
38252208
22018
38252216
22018
38252216
22018
38252240
22018
38252248
22018
38252248
22018
38252272
22018
38252280
22018
38252280
22018
38252304
22018
38252312
22018
38252312
22018
38252336
22018
38252344
22018
38252344
22018
38252368
22018
38252376
22018
38252376
22018
38252144
22018
38252152
22018
38252152
22018
38251920
22018
38251928
22018
38251928
22018
38251952
22018
38251960
22018
38251960
22018
38251984
22018
38251992
22018
38251992
22018
38252016
22018
38252024
22018
38252024
22018
38252048
22018
38252056
22018
38252056
22018
38252080
22018
38252088
22018
38252088
22018
38252112
22018
38252120
22018
38252120
22018
38251888
22018
38251896
22018
38251896
22018
38251664
22018
38251672
22018
38251672
22018
38251696
22018
38251704
22018
38251704
22018
38251728
22018
38251736
22018
38251736
22018
38251760
22018
38251768
22018
38251768
22018
38251792
22018
38251800
22018
38251800
22018
38251824
22018
38251832
22018
38251832
22018
38251856
22018
38251864
22018
38251864
22018
38251632
22018
38251640
22018
38251640
22018
38251408
22018
38251416
22018
38251416
22018
38251440
22018
38251448
22018
38251448
22018
38251472
22018
38251480
22018
38251480
22018
38251504
22018
38251512
22018
38251512
22018
38251536
22018
38251544
22018
38251544
22018
38251568
22018
38251576
22018
38251576
22018
38251600
22018
38251608
22018
38251608
22018
24592
